import math


def main(y, z, x):
    f = 0
    for i in range(0, len(y)):
        res = (pow(x[i // 2], 3)) / 78 - pow(z[i], 2) - 48 * y[len(y) - 1 - i]
        f += 77 * (math.ceil(res)) ** 7
    return f


main(
    [-0.34, -0.43, -0.48, -0.73, 0.67, -0.45, 0.07],
    [0.96, 0.04, -0.46, -0.88, 0.5, 0.53, 0.48],
    [-0.51, -0.85, 0.6, 0.38, -0.55, 0.86, 0.85],
)
main(
    [-0.92, -0.44, -0.83, -0.74, -0.1, 0.61, -0.88],
    [0.14, 0.06, 0.92, -0.4, 0.0, 0.99, 0.13],
    [-0.32, -0.08, 0.46, -0.15, -0.66, 0.3, 0.82],
)
main(
    [0.74, 0.86, 0.06, 0.14, -0.13, 0.18, -0.64],
    [-0.0, -0.81, 0.89, 0.76, -0.55, 0.32, 0.57],
    [0.88, -0.21, 0.47, -0.78, 0.34, -0.12, 0.35],
)
main(
    [-0.77, 0.28, -0.92, 0.21, -0.37, 0.28, 0.39],
    [-0.54, 0.8, -0.41, -0.38, -0.6, -0.33, -0.73],
    [-0.99, -0.31, 0.07, 0.55, 0.24, -0.52, 0.93],
)
main(
    [0.96, -0.72, 0.99, -0.69, 0.76, -0.0, 0.87],
    [-0.43, 0.88, -0.4, -0.24, 0.26, 0.67, 0.82],
    [0.24, 0.32, -0.09, 0.53, 0.77, 0.36, 0.12],
)
